-4.43038648e+02
-6.44173504e+02
1.55906039e+02
1.83509728e+02
-7.02117260e+02
-3.43695825e+02
-3.81907666e+02
-2.84124394e+02
-3.70181818e+02
-7.36176840e+01
-1.31428813e+02
-3.37678450e+02
-3.25181210e+02
-2.00850899e+02
-2.48478880e+01
-1.13393815e+02
-2.81924239e+02
-2.58871689e+02
-6.47169706e+01
-3.41706699e+00
2.79587776e+00
-3.02169844e+01
-3.07629911e+02
-3.84793316e+02
-7.33059052e+01
1.25145506e+01
-2.15035747e+01
-5.53736553e+01
-5.24995512e+01
-1.95428535e+01
-1.83220491e+01
-1.25733699e+01
-3.21929764e+02
-4.72295090e+02
-1.54832721e+02
-6.96815628e+01
1.75270237e+01
-1.19971096e+01
-7.64928700e+01
-6.39753333e+02
-3.07711034e+02
3.12266270e+01
-3.72722367e+01
-3.42242027e+01
-1.89400184e+01
7.67245204e+00
-1.10975271e+01
-2.42573532e+01
-4.03976211e+02
-9.60729020e+01
-3.79366861e+01
2.06465710e+01
-2.64652019e+02
3.23356771e+01
-3.68997527e+02
-5.09924100e+02
4.96603534e+01
-2.10119138e+01
-1.61215514e+02
-5.85122091e+02
-2.25107776e+02
-5.77011553e+02
-9.62910910e+01
-4.62055894e+00
-3.09721419e+01
-4.66995494e+02
-3.26788462e+02
-4.63760924e+02
-2.02435161e+02
1.79053021e+01
-1.87393050e+02
-5.23435073e+02
-2.44681047e+02
1.19999853e+02
-7.38360072e+02
-3.39209404e+02
4.81976293e+01
-8.04628367e+00
-8.00963363e+02
-1.44331900e+03
-5.58896371e+02
-3.71551559e+01
-3.18074043e+01
-1.17659415e+03
-4.49592471e+02
-7.06872621e+02
-6.10229375e+02
2.78957526e+01
-2.79633462e+02
-5.41405568e+02
-9.27688697e+02
-2.54016521e+02
-4.62644769e+01
-6.66077760e+02
-1.38653597e+03
-3.32251679e+02
-3.77238370e+02
-7.46839035e+02
-1.17641145e+03
-3.17168855e+03
-1.84508089e+03
-1.19623579e+03
-4.29786322e+02
-1.51748059e+02
-7.49175837e+02
-3.52925326e+03
-4.08261420e+03
-3.70912764e+03
-8.55100558e+02
-3.38496993e+02
-1.04140883e+03
-1.65663964e+03
-3.61588705e+03
-2.90547564e+03
-2.18264796e+03
-1.55326485e+03
-3.35565473e+03
-3.93146613e+03
-3.06558771e+03
-4.98214304e+03
-2.34353560e+03
-1.72223397e+03
-1.47484092e+03
-6.72311725e+03
3.23738841e+03
7.99986789e+02
-6.18254362e+03
-4.47011302e+03
-1.14293930e+03
-3.16582721e+03
4.99076731e+02
2.37808715e+03
-5.11185995e+03
-1.78343085e+03
-5.69785730e+03
-1.92413405e+03
-3.91757969e+03
-1.89086083e+02
4.47031494e+03
-2.25315523e+03
-3.00799933e+03
-2.55338676e+03
6.56533251e+03
5.08220869e+03
-3.19892734e+03
-6.73139729e+03
5.84357162e+03
4.78404845e+03
7.72030350e+03
-8.10017424e+02
-5.55964833e+03
6.12891768e+03
-4.06204050e+02
3.43943572e+03
-9.89069798e+01
-8.72854766e+03
-4.36200339e+02
4.35462419e+03
2.31919417e+03
6.41120346e+03
5.82775739e+03
5.97393488e+03
5.61420792e+02
4.41748269e+03
6.26234337e+03
4.92093088e+03
2.68917019e+02
1.95642206e+03
7.23358352e+03
2.02674029e+03
-6.03526569e+01
9.31192477e+02
5.08343574e+03
7.52355153e+03
4.54025610e+03
1.21477917e+03
6.86082524e+03
6.65927687e+03
7.20846218e+03
4.88276066e+03
8.97387886e+03
6.99616682e+02
5.11176161e+03
-2.50689835e+03
1.37921012e+03
7.50140799e+03
2.43165117e+03
5.60840430e+03
-5.04919057e+02
3.67936613e+03
3.44058149e+03
-1.00916088e+03
4.97471601e+03
3.13735766e+03
-3.99468388e+02
1.52097517e+02
1.85463519e+03
4.96973318e+02
3.27765783e+01
3.16930684e+02
2.52186561e+02
-3.74114948e+02
5.29523381e+03
3.02189713e+03
-5.74628341e+02
3.30442034e+03
1.58636905e+03
3.66997245e+02
5.03946565e+03
7.31434340e+03
-2.71179720e+02
2.42218938e+03
2.08913233e+03
3.25807384e+03
8.31160456e+03
3.35817297e+03
-3.58991609e+02
1.96311220e+03
8.71295114e+03
3.80333285e+03
1.12730690e+04
8.48140248e+03
-8.63250848e+02
3.55380742e+03
7.77091200e+02
3.28385174e+03
1.00558514e+04
7.67978910e+03
2.23938046e+03
1.33796668e+03
1.81528450e+03
8.41709829e+03
2.57921754e+03
8.40171515e+03
2.78990288e+03
-6.08151403e+02
7.57334797e+03
1.18323094e+04
6.90453171e+03
4.40605000e+03
1.12166478e+04
9.56555853e+03
1.35946516e+04
9.55414821e+03
5.35701419e+03
1.16281780e+04
1.39148538e+04
1.42769108e+04
1.38928072e+04
1.53475503e+04
1.16322704e+04
1.38793423e+04
1.42534654e+04
1.35718301e+04
1.32718715e+04
1.42244099e+04
1.25496703e+04
1.19745125e+04
1.34249127e+04
1.72358857e+04
1.20111072e+04
6.82905386e+03
-2.00276628e+03
1.35484262e+04
1.34881344e+04
1.43117540e+04
1.06378572e+04
1.35217368e+04
1.63267689e+04
1.48642214e+04
1.17638875e+04
1.34590985e+04
1.64924732e+04
1.54669584e+04
1.21810041e+04
1.71696368e+04
1.42369106e+04
1.24773504e+04
1.43592459e+04
2.01909483e+04
8.73569091e+03
-1.11440370e+04
1.47424219e+04
1.64573329e+04
6.33334840e+03
6.26458843e+03
6.56991998e+03
1.24947766e+04
1.97545558e+04
1.23146687e+04
1.44108124e+04
-1.70082314e+04
-1.40167214e+04
1.43173114e+04
1.53615705e+04
1.72013605e+04
1.46870765e+04
-1.60922717e+04
1.17184258e+04
1.33505641e+04
1.67389379e+04
2.21152445e+04
-1.19435275e+04
-2.61761217e+04
5.07369605e+03
2.01072556e+04
-1.64536438e+03
-1.99999894e+04
1.16410300e+04
2.18132766e+04
-1.61685654e+04
-2.05785980e+04
-2.67184785e+04
6.77714989e+03
7.15240202e+03
-2.09092691e+04
-1.99167642e+04
-9.57685035e+03
2.20662222e+04
1.60212541e+04
2.54290824e+04
-1.52274610e+04
7.76948324e+03
6.40628297e+03
1.65974802e+03
-1.01850681e+04
2.24067476e+04
2.14136970e+04
-4.52860209e+03
4.02299222e+03
2.06664822e+04
-3.24159556e+04
9.19479354e+01
2.04636180e+04
1.44282942e+04
8.03452253e+03
2.58029695e+04
1.99007988e+04
2.39634623e+04
-1.56463596e+03
2.23407599e+04
2.36123346e+04
1.11900203e+04
-1.99715395e+04
-3.07218704e+03
2.58643598e+04
2.29233357e+04
-7.27258712e+03
-2.33859840e+04
-1.91118791e+04
-2.67255261e+04
-7.55179517e+03
-8.11874385e+03
-2.47262925e+04
-1.63180883e+04
1.18789418e+04
1.30804073e+04
-3.24009863e+04
-1.16323723e+04
-2.23520939e+04
-2.83139851e+04
-9.82606596e+03
3.08643367e+04
-7.41941379e+03
-2.23401422e+04
3.18862253e+03
2.19764208e+04
-2.11967690e+04
-1.86320442e+04
-3.13592902e+04
-1.04008739e+04
-1.45318409e+04
1.87632596e+04
1.26743520e+04
-2.75125129e+04
-1.92510409e+04
-2.08660289e+04
1.86945641e+04
-2.44234068e+04
-1.79983709e+04
-2.02350961e+04
-3.96642656e+03
2.14303431e+04
-2.41158770e+04
-2.24043465e+04
-2.98938383e+04
-1.74118091e+04
-2.01157849e+04
-2.98206545e+04
-1.66905227e+04
-2.58538770e+04
-4.89635977e+03
-1.76604631e+04
-2.29829961e+04
-3.05634767e+04
-2.46172355e+04
-2.79991563e+04
-7.87616818e+02
-2.17035675e+04
-2.66430289e+04
-3.18569376e+04
5.72669825e+03
-1.97242587e+04
-3.08080787e+03
3.59034084e+04
1.86272579e+04
-1.31451320e+04
-1.90620235e+04
-2.36980428e+04
1.31603946e+04
2.73996583e+04
-2.29138232e+04
-1.64689996e+04
-2.70782177e+04
-7.85353410e+03
1.00514828e+04
-2.54101351e+04
-8.30245894e+03
-2.79181688e+04
-2.65948851e+04
-2.34682469e+04
-1.62172018e+04
-1.09038841e+04
-1.85044772e+04
-2.79163210e+04
1.29043001e+04
-2.44552391e+04
-9.76505712e+03
5.35674137e+03
-1.58567192e+04
1.83526208e+04
-2.77487435e+04
-3.29156924e+04
-1.83670040e+04
-1.39772496e+04
-2.99738351e+04
-2.92962604e+04
4.73450818e+03
1.08088611e+04
-2.75440942e+04
-1.24647054e+04
-3.05430561e+04
-1.19255662e+04
-2.53287913e+04
-2.14182129e+04
-1.71371607e+04
-1.12566943e+04
-2.54547707e+04
-2.42279520e+04
-1.81081915e+04
-1.80385204e+04
-1.23598941e+04
-2.45506637e+04
-2.08736510e+04
-3.11093538e+04
-1.47395886e+04
-2.07005194e+04
-2.72238640e+04
-2.43536352e+04
-1.83357820e+04
-1.56933971e+04
-2.75180394e+04
-3.40241980e+04
-1.26612064e+04
-9.45308038e+03
-9.15212619e+03
5.24782105e+03
-3.03957351e+04
-1.79203802e+04
-2.30131656e+04
-1.82735670e+04
-1.29163142e+04
-2.16119086e+04
-1.60705568e+03
3.42067111e+03
-2.60957010e+04
-1.64810744e+04
-2.06261846e+04
-2.46056383e+04
-2.09106898e+04
-1.28760690e+04
-2.64289919e+04
1.24695507e+03
4.33303983e+03
-2.33798802e+04
-7.63142097e+03
-2.14488654e+04
-2.54598101e+04
-2.03852064e+04
-2.02521676e+04
-2.77101018e+04
-1.72002185e+04
-1.53586766e+04
-2.73305181e+04
-2.63735501e+04
-1.66076128e+04
-2.49436293e+04
-1.71466212e+04
-1.69632085e+04
-2.46126062e+04
-2.79997171e+04
-1.15263340e+04
- 2.90307550e+04
-2.12967594e+04
-2.61162617e+04
-1.98897272e+04
-1.28919049e+04
-1.34420930e+04
-1.83383653e+04
-3.17918221e+04
-1.65532329e+04
-1.61154671e+04
-1.60832458e+04
-2.06776972e+04
-2.66031215e+04
-1.80610074e+04
-9.20097356e+03
-1.37025398e+04
-1.67245341e+04
-1.32707836e+04
-1.34761764e+04
-8.70179972e+03
-2.21889251e+04
-1.32318176e+04
-1.93261715e+04
-5.91312990e+03
-1.61400833e+04
-1.13816895e+04
-1.31563870e+04
-1.13218389e+04
-2.02033956e+04
-1.12373655e+04
-6.60708023e+03
-2.06037284e+04
-1.70337824e+04
-9.46690067e+03
-1.29886854e+04
-1.84835702e+04
-2.71379234e+04
-1.41762048e+04
-2.21244430e+04
-1.76120901e+04
-1.45892593e+04
-2.02985866e+04
-2.78788789e+04
-2.99646203e+04
-1.81056149e+04
-3.11745780e+04
-2.82740381e+04
-1.38060837e+04
-2.82922245e+04
-2.13678832e+04
-2.82921416e+04
-1.51324267e+04
-2.42400246e+04
-2.29547201e+04
-1.50619817e+04
-3.29120920e+04
-2.74816174e+04
-1.37912704e+04
-1.85761602e+04
-1.86913224e+04
-3.27427003e+04
-1.66903854e+04
-2.29866330e+04
-1.96445278e+04
-2.18581267e+04
-1.63045862e+04
-3.33832763e+04
-1.66025829e+04
-1.48882976e+04
-2.15480646e+04
-2.62271790e+04
-1.96984820e+04
-2.31196552e+04
-1.47646320e+04
-2.39282033e+04
-1.75679934e+04
-1.42515371e+04
-1.68870560e+04
-1.78038498e+04
-2.24171343e+04
-1.97598894e+04
-1.00832398e+04
-1.14260920e+04
-2.22033609e+04
-3.20489469e+04
-1.29371690e+04
-1.43144844e+04
-1.36741775e+04
-2.07344330e+04
-2.32144465e+04
-1.12838729e+04
-1.11496453e+04
-1.86508344e+04
-2.18507865e+04
-1.98121589e+04
-1.72501670e+04
-1.34743726e+04
-1.90384536e+04
-2.56585042e+04
-1.22091497e+04
-1.32130740e+04
-2.08895858e+03
-2.16427341e+04
-2.67837415e+04
-1.07332834e+04
-2.28346195e+04
-2.87579882e+04
-2.71139731e+04
-2.40139331e+04
-3.02357022e+04
-9.96047946e+03
1.58276555e+04
-3.36545811e+04
-2.37076273e+04
-3.25470506e+04
1.25336598e+04
3.16423562e+04
-1.30818436e+04
-2.15942976e+04
-1.51939174e+04
-2.47391681e+04
-2.56521564e+04
-2.43523057e+04
-2.16545333e+04
-1.69326395e+04
-1.94798481e+04
-1.18053511e+04
8.23700059e+02
-2.30537725e+04
-8.75471651e+03
-2.08428860e+04
-2.39439932e+04
-2.42083364e+04
-1.15215569e+04
-2.62825782e+04
-2.41114967e+04
-2.45288080e+04
-2.45560759e+04
-2.77791521e+04
-1.82712111e+04
-2.31273805e+04
3.57143140e+03
2.13488120e+03
-2.79160944e+04
-1.83955429e+04
-2.87341394e+04
-5.77527016e+03
3.75603674e+03
-3.00338404e+04
-1.73138935e+04
-2.36116148e+04
-1.92421376e+04
-2.25070627e+04
-2.52245939e+04
-1.70943483e+04
-1.96950418e+04
-2.57637142e+04
-2.43639434e+04
-2.08003664e+04
-2.04769719e+04
-2.19372911e+04
-2.16118951e+04
-1.55936470e+04
-1.96480715e+04
-2.51725797e+04
-1.81925558e+04
-1.93155306e+04
-1.23266131e+04
-1.76916456e+04
-2.12421897e+04
-1.92500035e+04
-1.17186107e+04
-1.58546377e+04
-1.74669393e+04
-1.79192886e+04
-2.03246092e+04
-1.22727332e+04
-1.44798510e+04
-1.71553429e+04
-2.00144482e+04
-1.89477469e+04
-2.02175391e+04
-1.47249716e+04
-1.56208894e+04
-2.10034968e+04
-1.95007541e+04
-1.91446239e+04
-1.26487962e+04
-1.80254852e+04
-1.09811077e+03
1.15398704e+04
-1.96711290e+04
-1.01304426e+04
-2.81496173e+04
-7.43153150e+03
-5.71111699e+03
-2.02506885e+04
-2.09770945e+04
-1.95574497e+04
-1.88230600e+03
-1.92395058e+04
-1.95561481e+04
-1.71007750e+04
-5.98101530e+02
-1.52285136e+04
-1.11191573e+04
-1.60609622e+04
-1.59736496e+04
-1.77125825e+04
-1.49463466e+04
-1.38873279e+04
-1.67500905e+04
-1.63819460e+04
-1.43622481e+04
-1.94287471e+04
1.36458685e+04
-1.55662556e+04
-1.02418842e+04
-1.41351517e+04
-1.34336876e+03
-3.55557493e+02
-1.66437042e+04
-1.34227399e+04
-1.82436549e+04
-1.17132295e+04
-1.49774310e+04
-1.67156678e+04
-1.50480999e+04
-1.24218861e+04
-1.60671008e+04
-1.58112505e+04
-1.16669149e+04
-1.51029678e+04
-1.51014872e+04
-1.26689302e+04
-1.47573896e+04
-1.64356771e+04
-1.47569440e+04
-1.56394211e+04
-1.50434254e+04
-1.39047445e+04
-1.35250749e+04
-1.48055279e+04
-1.56934199e+04
-1.19255342e+04
-1.59073340e+04
-1.38082162e+04
-1.46659758e+04
-1.50040131e+04
-1.01872299e+04
-1.05299819e+04
-1.47703680e+04
-1.37928037e+04
-1.20602742e+04
-8.32583712e+03
-1.31197453e+04
-1.12325132e+04
-1.11248943e+04
-1.48742544e+04
-1.13219616e+04
-1.02816846e+04
-1.16643715e+04
-1.32765076e+04
-1.35313781e+04
-1.11060443e+04
-1.09067747e+04
-1.20932174e+04
-1.38427123e+04
-1.04995797e+04
-1.19391736e+04
-1.12663529e+04
-1.15957879e+04
-1.20615718e+04
-7.83526232e+03
-1.20088604e+04
-9.93742255e+03
-1.22485229e+04
-5.41173801e+03
-1.04945269e+04
-1.19644133e+04
-9.72805344e+03
-8.07385197e+03
-7.47328928e+03
-1.09230874e+04
-8.83378535e+03
-1.04732680e+04
-9.32591046e+03
-9.14588515e+03
-9.64597725e+03
-1.21184565e+04
-9.87373410e+03
-1.01809830e+04
-7.84490460e+03
-8.66924026e+03
-1.11554714e+04
-1.12562568e+04
-6.19413760e+03
-6.76757252e+03
-1.01842641e+04
-7.93059413e+03
-7.34113857e+03
-4.78466920e+03
-7.69952879e+03
-7.16971301e+03
-6.30296823e+03
-6.96281936e+03
-8.25895242e+03
-7.54435479e+03
-9.62286204e+03
-6.92909043e+03
-5.22864952e+03
-7.69932069e+03
-8.87037444e+03
-7.41905564e+03
-5.65320325e+03
-1.10713903e+04
-7.05760788e+03
-5.97990468e+03
-7.77118638e+03
-8.99152788e+03
-7.19128059e+03
-7.65751258e+03
-9.05233001e+03
-7.27235889e+03
-7.65249587e+03
-6.55677141e+03
-6.14968411e+03
-6.80515567e+03
-9.04233976e+03
-5.82838407e+03
-4.61142049e+03
-6.35847215e+03
-6.50015514e+03
-5.01552851e+03
-5.49520503e+03
-5.18316908e+03
-4.12812921e+03
-7.38751987e+03
-4.05017585e+03
-3.70313129e+03
-4.08732439e+03
-6.58612058e+03
-4.18330894e+03
-3.39205983e+03
-4.29128354e+03
-3.37078871e+03
-4.91831035e+03
-5.50310222e+03
-3.23707913e+03
-3.21767400e+03
-5.62176952e+03
-4.98724324e+03
-3.58081817e+03
-4.19874418e+03
-3.29868198e+03
-4.02246675e+03
-5.33333113e+03
-4.19814782e+03
-2.94170472e+03
-3.68434220e+03
-5.37861564e+03
-4.82624106e+03
-3.21620496e+03
-3.65106478e+03
-3.89046811e+03
-4.79010217e+03
-3.29662991e+03
-4.06525106e+03
-3.96398399e+03
-2.76207500e+03
-5.49346471e+03
-2.94624918e+03
-2.90376508e+03
-3.84162311e+03
-4.33301015e+03
-3.51378712e+03
-3.04722182e+03
-3.01324965e+03
-3.68935677e+03
-3.05503024e+03
-3.25893930e+03
-3.14403156e+03
-2.79256264e+03
-2.61705290e+03
-2.55274687e+03
-2.99149274e+03
-3.39898660e+03
-3.31476473e+03
-2.11371968e+03
-2.93059510e+03
-3.40158757e+03
-3.00395792e+03
-2.68851626e+03
-2.52174556e+03
-3.45357651e+03
-2.81328095e+03
-2.38252518e+03
-2.28570793e+03
-2.89874342e+03
-2.75528557e+03
-2.88627673e+03
-2.26207080e+03
-1.68337871e+03
-2.39674850e+03
-2.57719519e+03
-1.69914859e+03
-1.58005456e+03
-2.41007571e+03
-2.43068328e+03
-1.91295169e+03
-1.99952769e+03
-1.73605152e+03
-1.37776322e+03
-1.96360798e+03
-1.93151437e+03
-1.60904782e+03
-1.78035122e+03
-1.73821076e+03
-2.30892184e+03
-2.18152093e+03
-1.67619497e+03
-1.65776252e+03
-1.98781687e+03
-2.75705577e+03
-1.60722694e+03
-1.88394923e+03
-2.44347454e+03
-2.18431459e+03
-1.60636139e+03
-2.30136814e+03
-2.45413492e+03
-2.01939245e+03
-2.26619410e+03
-2.42191088e+03
-1.82593617e+03
-1.91687383e+03
-1.80229171e+03
-1.94294054e+03
-2.04020168e+03
-1.66042028e+03
-1.85637816e+03
-1.37333668e+03
-1.92475739e+03
-1.69990872e+03
-1.50684255e+03
-1.74890783e+03
-1.42515960e+03
-1.60705804e+03
-1.29551260e+03
-1.27346826e+03
-8.03019463e+02
-1.48687046e+03
-1.34811781e+03
-1.13544935e+03
-1.15877369e+03
-1.22824809e+03
-1.43060900e+03
-7.79879245e+02
-9.20428167e+02
-1.24311409e+03
-1.30127553e+03
-1.33744055e+03
-1.30680457e+03
-8.78692998e+02
-1.22834327e+03
-1.10782362e+03
-1.14906232e+03
-1.07777172e+03
-1.11291408e+03
-1.03499115e+03
-1.02294166e+03
-8.70352402e+02
-6.64952243e+02
-7.69560169e+02
-7.75923847e+02
-8.30970284e+02
-6.81485843e+02
-5.86695760e+02
-6.50043603e+02
-5.10666281e+02
-6.14320680e+02
-6.63663833e+02
-7.99548456e+02
-6.92809373e+02
-5.99025823e+02
-7.50147902e+02
-3.38872414e+02
2.83051977e+01
-7.29593797e+02
-5.73758468e+02
-5.66740297e+02
1.16077139e+02
-6.76431285e+02
-5.09237676e+02
-5.22551308e+02
-4.41419558e+02
-5.24885543e+02
-5.21404086e+02
0
0
0
0
0
0
0
0
0
0
0
0
0
0
0
0
0
0
0
0
0
0
0
0
