  -25954        0
   17784   -13405
   -8428     3081
    1435     5743
    3005    -1900
   -1089    -1733
    -213      823
     996      -17
     -89     -145
    -851     -866
     214       13
   -1821     2296
    2766     -434
     -39    -1428
   -1673      831
    1398      463
    -673    -1812
    -406     1656
     490     -625
     415      629
    -786    -1128
     171     1817
     483    -1368
    -694      118
     192      834
    1165     -357
   -1822    -1252
     165     1689
    1564     -689
   -1761     -229
    1295      876
      23    -1067
   -1666      690
    1645      176
    -604     -465
     203      236
    -408       35
    -150     -220
    1178      231
   -1272     -249
     232       76
     403      223
    -441      218
     603    -1051
    -732     1058
     560      187
     333    -1543
   -1269     1250
    1384      260
    -799    -1168
     -99     1039
     963     -261
    -813     -514
     147      385
    -263       19
     544     -117
    -880      249
     827      331
     416     -742
   -1134      160
     721      110
       1     -137
    -732      -63
     550      796
     -88     -602
     663      -29
    -732      265
    -221     -558
     877      436
   -1184      472
    1012     -747
       4      394
    -722      -17
     515     -426
    -241      467
     -47     -127
     404      556
    -267    -1178
     101      692
    -331      226
      -3     -940
     508     1229
    -714     -628
     612      -49
     143      181
    -805     -558
     654      946
     -62    -1175
    -616      945
     864     -106
    -610     -328
     643      163
   -1004     -168
    1025      479
    -367     -728
    -474      410
     691      309
    -106     -522
    -391        9
     426      393
    -344     -110
     293     -181
    -367      -28
      42      824
    1127     -888
   -1316     -400
     -77      900
     808       39
    -500    -1018
    -521     1500
    1446     -552
   -1057     -988
     323     1743
     471    -1796
   -1094      721
     490      576
     350     -607
    -198     -104
    -569      739
    1419     -773
   -1825      -43
    1377      749
    -333     -707
    -477       90
     736      258
    -718     -223
     334      -41
     317      400
    -829     -601
     855      348
    -578     -160
    -184      280
    1084      -50
   -1176     -238
     671       85
    -425      185
     438     -382
    -416      253
     -94      -28
     201     -266
      74      872
    -153     -955
     572      651
    -362     -205
     -16     -350
     338       36
    -998      -60
     661      960
     146    -1196
    -798     1275
    1449     -593
    -620     -751
    -565      866
     137     -448
     722      489
    -697     -908
    -397      541
    1048      582
    -900    -1176
     -67     1287
    1049     -341
    -587    -1200
    -433     1677
     691    -1129
     -54       89
    -646      459
      14     -487
    1151     1077
    -824    -1375
    -357       74
     908     1184
    -994    -1319
     669      812
    -301       64
     504     -495
    -289      127
    -642     -562
     617     1528
     313    -1322
    -878      156
     309      881
     400     -408
     400      -70
    -825    -1037
      56      954
     164     -276
   -1295       86
    1638      964
    -157    -1107
    -742      514
    1101      -98
   -1029    -1062
     193     1762
     204    -1529
    -735      572
     579     1847
    1114    -3007
   -1685     1054
     122     1578
    1231    -2367
   -1253     1202
      36      454
    1466     -213
   -1253     -973
     439      531
    -260      332
    -451     -548
    1306      309
   -1577      404
    1083     -141
     809     -663
   -2617     -119
    1939     1552
    -224    -2148
    -394     1592
      -7      394
     887    -1228
    -969      548
     189     -684
     156      530
    -215      -11
    -675     -208
    1265     1305
     -60    -2384
   -1444     1966
    1984     -344
    -749    -1304
    -875     1015
     401      384
     693     -468
    -888     -119
     746      325
     535     -125
   -1462     -267
     578     -336
     -83     1173
    -296     -764
     517       32
     191     1061
    -210    -1673
      30      585
    -479      -24
     287      680
     -38     -515
    -159     -180
     638     1124
    -155    -1621
    -640      294
     392     1266
    -437     -898
     648     -214
    -456      106
     252      977
    -102    -1878
    -625     1555
    1391      213
    -922    -1815
     -15     1869
     484     -809
    -827     -666
     757     1278
    -355     -708
     187      -89
    -441      263
     430      -85
       1      456
    -418     -679
     445      438
     -82      303
     220     -795
    -476      146
    -204      598
     881     -388
    -749      317
     499     -542
    -338      447
     257      149
      80     -926
   -1214      943
    1079      305
     197     -709
    -814     -163
     651      851
     474     -599
   -1478    -1172
     578     2460
     629    -1648
    -870      240
     136     1096
    1129    -1340
   -1278      212
     400      516
     258     -463
    -792       81
     770      688
     137    -1195
    -718     1196
     659     -673
    -175      235
    -140     -158
     245     -174
    -528      179
     648      261
    -690     -167
     307      130
     372      181
    -116     -577
    -571      443
     805     -109
    -167     -354
    -910      102
     878      983
    -309    -1069
    -516      373
    1490      125
   -1065     -640
     138      935
     375    -1115
   -1014      505
     461      715
     616     -604
    -190     -172
    -906      816
    1056     -948
    -551      215
     -17      511
     522     -333
    -194     -366
    -767      453
     809      617
     229     -995
    -243       48
    -565      695
     922     -587
   -1055      -29
     812      459
    -262     -663
    -122      938
      41     -861
     198     1098
     349    -1311
    -916      353
     560      546
     -53     -613
    -456      252
     668      615
    -231     -875
     -58      408
     306     -227
    -483      154
     527     -199
    -626      164
     221      167
      24     -140
     427      494
    -193    -1039
     -88      850
    -282     -584
     386      273
    -516      333
     617     -425
     154       96
   -1150      -13
    1427      -24
    -914      248
       3     -472
     168      539
     234       -6
     205     -709
    -725      661
     347     -368
     103      397
    -347     -134
     551      -40
     -59     -179
    -687      150
     726     -386
    -856      980
     916     -499
    -320     -398
     -97      654
     357     -484
    -137       25
    -126     -285
    -651      663
    1212       85
    -670     -592
    -265      428
    1051      296
    -643    -1024
    -331      419
     624      236
    -785      164
     549     -511
    -212      573
     738       77
    -483    -1364
    -662     1426
     861     -816
    -715      907
     641     -562
      55     -342
    -399     1172
     430    -1843
    -607     1500
     488     -194
    -535     -827
     830     1120
    -888     -752
     653      449
     243     -424
    -816       47
     207      477
     386     -644
    -369      400
      20      205
     353     -476
    -279      134
      43       85
    -191      -81
     183      -94
     -72      724
     321     -880
    -279      232
     239        0
    -806      120
     829      288
    -242     -667
     -26      380
     860       71
   -1749     -909
    1418     1338
    -463     -369
      39     -761
     -75      962
     407     -523
    -649      -54
     415      451
      -4     -388
    -400      445
     691     -556
    -149       56
    -641      576
     585     -907
    -160      626
      14      337
    -108     -939
    -116      695
     882       28
   -1240     -427
     748      -96
    -158      702
    -295     -766
     157      191
     307      801
    -371     -930
     446      197
    -154      -77
    -324      -80
     -22      189
     -20       83
     493      418
      32     -680
    -677       40
    1057      592
    -751     -935
    -158      497
     426       38
    -249     -753
    -148     1316
     677     -540
    -652     -310
     564      380
    -450     -668
      -5      743
     291     -223
    -604        7
     518      270
     177     -410
    -270      335
    -182     -465
     146      292
     185     -240
    -793      692
    1406     -603
   -1038     -198
      65      579
     281     -395
      53      -26
    -565      266
     565     -127
     166     -203
    -746      283
     442     -187
     -84       35
     219      254
    -290     -275
     117      -85
     347      286
    -811     -295
     580      193
      83     -236
    -627      508
    1062     -329
    -931     -446
      78     1099
     729     -794
    -700     -112
     -31      308
     560      432
    -773    -1127
     603     1096
    -386        0
     603    -1096
    -773     1127
     560     -432
     -31     -308
    -700      112
     729      794
      78    -1099
    -931      446
    1062      329
    -627     -508
      83      236
     580     -193
    -811      295
     347     -286
     117       85
    -290      275
     219     -254
     -84      -35
     442      187
    -746     -283
     166      203
     565      127
    -565     -266
      53       26
     281      395
      65     -579
   -1038      198
    1406      603
    -793     -692
     185      240
     146     -292
    -182      465
    -270     -335
     177      410
     518     -270
    -604       -7
     291      223
      -5     -743
    -450      668
     564     -380
    -652      310
     677      540
    -148    -1316
    -249      753
     426      -38
    -158     -497
    -751      935
    1057     -592
    -677      -40
      32      680
     493     -418
     -20      -83
     -22     -189
    -324       80
    -154       77
     446     -197
    -371      930
     307     -801
     157     -191
    -295      766
    -158     -702
     748       96
   -1240      427
     882      -28
    -116     -695
    -108      939
      14     -337
    -160     -626
     585      907
    -641     -576
    -149      -56
     691      556
    -400     -445
      -4      388
     415     -451
    -649       54
     407      523
     -75     -962
      39      761
    -463      369
    1418    -1338
   -1749      909
     860      -71
     -26     -380
    -242      667
     829     -288
    -806     -120
     239        0
    -279     -232
     321      880
     -72     -724
     183       94
    -191       81
      43      -85
    -279     -134
     353      476
      20     -205
    -369     -400
     386      644
     207     -477
    -816      -47
     243      424
     653     -449
    -888      752
     830    -1120
    -535      827
     488      194
    -607    -1500
     430     1843
    -399    -1172
      55      342
     641      562
    -715     -907
     861      816
    -662    -1426
    -483     1364
     738      -77
    -212     -573
     549      511
    -785     -164
     624     -236
    -331     -419
    -643     1024
    1051     -296
    -265     -428
    -670      592
    1212      -85
    -651     -663
    -126      285
    -137      -25
     357      484
     -97     -654
    -320      398
     916      499
    -856     -980
     726      386
    -687     -150
     -59      179
     551       40
    -347      134
     103     -397
     347      368
    -725     -661
     205      709
     234        6
     168     -539
       3      472
    -914     -248
    1427       24
   -1150       13
     154      -96
     617      425
    -516     -333
     386     -273
    -282      584
     -88     -850
    -193     1039
     427     -494
      24      140
     221     -167
    -626     -164
     527      199
    -483     -154
     306      227
     -58     -408
    -231      875
     668     -615
    -456     -252
     -53      613
     560     -546
    -916     -353
     349     1311
     198    -1098
      41      861
    -122     -938
    -262      663
     812     -459
   -1055       29
     922      587
    -565     -695
    -243      -48
     229      995
     809     -617
    -767     -453
    -194      366
     522      333
     -17     -511
    -551     -215
    1056      948
    -906     -816
    -190      172
     616      604
     461     -715
   -1014     -505
     375     1115
     138     -935
   -1065      640
    1490     -125
    -516     -373
    -309     1069
     878     -983
    -910     -102
    -167      354
     805      109
    -571     -443
    -116      577
     372     -181
     307     -130
    -690      167
     648     -261
    -528     -179
     245      174
    -140      158
    -175     -235
     659      673
    -718    -1196
     137     1195
     770     -688
    -792      -81
     258      463
     400     -516
   -1278     -212
    1129     1340
     136    -1096
    -870     -240
     629     1648
     578    -2460
   -1478     1172
     474      599
     651     -851
    -814      163
     197      709
    1079     -305
   -1214     -943
      80      926
     257     -149
    -338     -447
     499      542
    -749     -317
     881      388
    -204     -598
    -476     -146
     220      795
     -82     -303
     445     -438
    -418      679
       1     -456
     430       85
    -441     -263
     187       89
    -355      708
     757    -1278
    -827      666
     484      809
     -15    -1869
    -922     1815
    1391     -213
    -625    -1555
    -102     1878
     252     -977
    -456     -106
     648      214
    -437      898
     392    -1266
    -640     -294
    -155     1621
     638    -1124
    -159      180
     -38      515
     287     -680
    -479       24
      30     -585
    -210     1673
     191    -1061
     517      -32
    -296      764
     -83    -1173
     578      336
   -1462      267
     535      125
     746     -325
    -888      119
     693      468
     401     -384
    -875    -1015
    -749     1304
    1984      344
   -1444    -1966
     -60     2384
    1265    -1305
    -675      208
    -215       11
     156     -530
     189      684
    -969     -548
     887     1228
      -7     -394
    -394    -1592
    -224     2148
    1939    -1552
   -2617      119
     809      663
    1083      141
   -1577     -404
    1306     -309
    -451      548
    -260     -332
     439     -531
   -1253      973
    1466      213
      36     -454
   -1253    -1202
    1231     2367
     122    -1578
   -1685    -1054
    1114     3007
     579    -1847
    -735     -572
     204     1529
     193    -1762
   -1029     1062
    1101       98
    -742     -514
    -157     1107
    1638     -964
   -1295      -86
     164      276
      56     -954
    -825     1037
     400       70
     400      408
     309     -881
    -878     -156
     313     1322
     617    -1528
    -642      562
    -289     -127
     504      495
    -301      -64
     669     -812
    -994     1319
     908    -1184
    -357      -74
    -824     1375
    1151    -1077
      14      487
    -646     -459
     -54      -89
     691     1129
    -433    -1677
    -587     1200
    1049      341
     -67    -1287
    -900     1176
    1048     -582
    -397     -541
    -697      908
     722     -489
     137      448
    -565     -866
    -620      751
    1449      593
    -798    -1275
     146     1196
     661     -960
    -998       60
     338      -36
     -16      350
    -362      205
     572     -651
    -153      955
      74     -872
     201      266
     -94       28
    -416     -253
     438      382
    -425     -185
     671      -85
   -1176      238
    1084       50
    -184     -280
    -578      160
     855     -348
    -829      601
     317     -400
     334       41
    -718      223
     736     -258
    -477      -90
    -333      707
    1377     -749
   -1825       43
    1419      773
    -569     -739
    -198      104
     350      607
     490     -576
   -1094     -721
     471     1796
     323    -1743
   -1057      988
    1446      552
    -521    -1500
    -500     1018
     808      -39
     -77     -900
   -1316      400
    1127      888
      42     -824
    -367       28
     293      181
    -344      110
     426     -393
    -391       -9
    -106      522
     691     -309
    -474     -410
    -367      728
    1025     -479
   -1004      168
     643     -163
    -610      328
     864      106
    -616     -945
     -62     1175
     654     -946
    -805      558
     143     -181
     612       49
    -714      628
     508    -1229
      -3      940
    -331     -226
     101     -692
    -267     1178
     404     -556
     -47      127
    -241     -467
     515      426
    -722       17
       4     -394
    1012      747
   -1184     -472
     877     -436
    -221      558
    -732     -265
     663       29
     -88      602
     550     -796
    -732       63
       1      137
     721     -110
   -1134     -160
     416      742
     827     -331
    -880     -249
     544      117
    -263      -19
     147     -385
    -813      514
     963      261
     -99    -1039
    -799     1168
    1384     -260
   -1269    -1250
     333     1543
     560     -187
    -732    -1058
     603     1051
    -441     -218
     403     -223
     232      -76
   -1272      249
    1178     -231
    -150      220
    -408      -35
     203     -236
    -604      465
    1645     -176
   -1666     -690
      23     1067
    1295     -876
   -1761      229
    1564      689
     165    -1689
   -1822     1252
    1165      357
     192     -834
    -694     -118
     483     1368
     171    -1817
    -786     1128
     415     -629
     490      625
    -406    -1656
    -673     1812
    1398     -463
   -1673     -831
     -39     1428
    2766      434
   -1821    -2296
     214      -13
    -851      866
     -89      145
     996       17
    -213     -823
   -1089     1733
    3005     1900
    1435    -5743
   -8428    -3081
   17784    13405
