time s
0.00000 0.00000
0.00501 0.00048
0.01001 0.00100
0.01502 0.00156
0.02002 0.00214
0.02503 0.00277
0.03003 0.00342
0.03504 0.00411
0.04004 0.00484
0.04505 0.00560
0.05005 0.00639
0.05506 0.00722
0.06006 0.00808
0.06507 0.00898
0.07007 0.00991
0.07508 0.01087
0.08008 0.01186
0.08509 0.01288
0.09009 0.01393
0.09510 0.01500
0.10010 0.01611
0.10511 0.01724
0.11011 0.01840
0.11512 0.01958
0.12012 0.02079
0.12513 0.02201
0.13013 0.02325
0.13514 0.02452
0.14014 0.02579
0.14515 0.02709
0.15015 0.02839
0.15516 0.02970
0.16016 0.03103
0.16517 0.03236
0.17017 0.03369
0.17518 0.03502
0.18018 0.03636
0.18519 0.03769
0.19019 0.03902
0.19520 0.04034
0.20020 0.04164
0.20521 0.04294
0.21021 0.04422
0.21522 0.04548
0.22022 0.04671
0.22523 0.04793
0.23023 0.04912
0.23524 0.05027
0.24024 0.05140
0.24525 0.05248
0.25025 0.05353
0.25526 0.05454
0.26026 0.05550
0.26527 0.05642
0.27027 0.05728
0.27528 0.05809
0.28028 0.05884
0.28529 0.05953
0.29029 0.06016
0.29530 0.06072
0.30030 0.06121
0.30531 0.06164
0.31031 0.06198
0.31532 0.06225
0.32032 0.06244
0.32533 0.06254
0.33033 0.06256
0.33534 0.06249
0.34034 0.06233
0.34535 0.06207
0.35035 0.06172
0.35536 0.06127
0.36036 0.06072
0.36537 0.06007
0.37037 0.05932
0.37538 0.05845
0.38038 0.05748
0.38539 0.05640
0.39039 0.05521
0.39540 0.05390
0.40040 0.05248
0.40541 0.05095
0.41041 0.04930
0.41542 0.04753
0.42042 0.04564
0.42543 0.04364
0.43043 0.04152
0.43544 0.03928
0.44044 0.03692
0.44545 0.03444
0.45045 0.03185
0.45546 0.02914
0.46046 0.02631
0.46547 0.02336
0.47047 0.02030
0.47548 0.01713
0.48048 0.01385
0.48549 0.01045
0.49049 0.00695
0.49550 0.00334
0.50050 -0.00038
0.50551 -0.00419
0.51051 -0.00811
0.51552 -0.01212
0.52052 -0.01622
0.52553 -0.02041
0.53053 -0.02469
0.53554 -0.02905
0.54054 -0.03349
0.54555 -0.03800
0.55055 -0.04259
0.55556 -0.04724
0.56056 -0.05195
0.56557 -0.05671
0.57057 -0.06153
0.57558 -0.06640
0.58058 -0.07130
0.58559 -0.07624
0.59059 -0.08121
0.59560 -0.08620
0.60060 -0.09121
0.60561 -0.09624
0.61061 -0.10126
0.61562 -0.10629
0.62062 -0.11131
0.62563 -0.11631
0.63063 -0.12129
0.63564 -0.12625
0.64064 -0.13117
0.64565 -0.13604
0.65065 -0.14087
0.65566 -0.14564
0.66066 -0.15035
0.66567 -0.15498
0.67067 -0.15954
0.67568 -0.16401
0.68068 -0.16839
0.68569 -0.17266
0.69069 -0.17683
0.69570 -0.18088
0.70070 -0.18480
0.70571 -0.18860
0.71071 -0.19225
0.71572 -0.19576
0.72072 -0.19912
0.72573 -0.20231
0.73073 -0.20534
0.73574 -0.20819
0.74074 -0.21086
0.74575 -0.21334
0.75075 -0.21562
0.75576 -0.21771
0.76076 -0.21958
0.76577 -0.22124
0.77077 -0.22267
0.77578 -0.22388
0.78078 -0.22485
0.78579 -0.22559
0.79079 -0.22608
0.79580 -0.22632
0.80080 -0.22631
0.80581 -0.22604
0.81081 -0.22550
0.81582 -0.22470
0.82082 -0.22362
0.82583 -0.22227
0.83083 -0.22064
0.83584 -0.21872
0.84084 -0.21653
0.84585 -0.21404
0.85085 -0.21127
0.85586 -0.20820
0.86086 -0.20484
0.86587 -0.20119
0.87087 -0.19724
0.87588 -0.19300
0.88088 -0.18846
0.88589 -0.18363
0.89089 -0.17851
0.89590 -0.17309
0.90090 -0.16738
0.90591 -0.16139
0.91091 -0.15510
0.91592 -0.14853
0.92092 -0.14168
0.92593 -0.13455
0.93093 -0.12715
0.93594 -0.11948
0.94094 -0.11154
0.94595 -0.10334
0.95095 -0.09489
0.95596 -0.08619
0.96096 -0.07725
0.96597 -0.06807
0.97097 -0.05866
0.97598 -0.04904
0.98098 -0.03919
0.98599 -0.02915
0.99099 -0.01890
0.99600 -0.00847
1.00100 0.00214
1.00601 0.01291
1.01101 0.02385
1.01602 0.03494
1.02102 0.04616
1.02603 0.05751
1.03103 0.06897
1.03604 0.08054
1.04104 0.09220
1.04605 0.10394
1.05105 0.11575
1.05606 0.12761
1.06106 0.13951
1.06607 0.15145
1.07107 0.16339
1.07608 0.17534
1.08108 0.18728
1.08609 0.19919
1.09109 0.21106
1.09610 0.22287
1.10110 0.23462
1.10611 0.24628
1.11111 0.25785
1.11612 0.26930
1.12112 0.28063
1.12613 0.29181
1.13113 0.30284
1.13614 0.31370
1.14114 0.32437
1.14615 0.33484
1.15115 0.34509
1.15616 0.35511
1.16116 0.36489
1.16617 0.37441
1.17117 0.38366
1.17618 0.39262
1.18118 0.40128
1.18619 0.40963
1.19119 0.41765
1.19620 0.42532
1.20120 0.43264
1.20621 0.43960
1.21121 0.44617
1.21622 0.45235
1.22122 0.45813
1.22623 0.46349
1.23123 0.46843
1.23624 0.47293
1.24124 0.47698
1.24625 0.48057
1.25125 0.48369
1.25626 0.48634
1.26126 0.48850
1.26627 0.49017
1.27127 0.49134
1.27628 0.49200
1.28128 0.49214
1.28629 0.49177
1.29129 0.49086
1.29630 0.48943
1.30130 0.48745
1.30631 0.48494
1.31131 0.48188
1.31632 0.47828
1.32132 0.47412
1.32633 0.46942
1.33133 0.46416
1.33634 0.45836
1.34134 0.45200
1.34635 0.44509
1.35135 0.43764
1.35636 0.42963
1.36136 0.42109
1.36637 0.41200
1.37137 0.40238
1.37638 0.39223
1.38138 0.38156
1.38639 0.37036
1.39139 0.35866
1.39640 0.34645
1.40140 0.33375
1.40641 0.32056
1.41141 0.30689
1.41642 0.29276
1.42142 0.27817
1.42643 0.26314
1.43143 0.24767
1.43644 0.23179
1.44144 0.21550
1.44645 0.19882
1.45145 0.18176
1.45646 0.16434
1.46146 0.14657
1.46647 0.12847
1.47147 0.11006
1.47648 0.09135
1.48148 0.07237
1.48649 0.05312
1.49149 0.03363
1.49650 0.01392
1.50150 -0.00599
1.50651 -0.02609
1.51151 -0.04635
1.51652 -0.06675
1.52152 -0.08728
1.52653 -0.10790
1.53153 -0.12860
1.53654 -0.14935
1.54154 -0.17014
1.54655 -0.19094
1.55155 -0.21173
1.55656 -0.23249
1.56156 -0.25319
1.56657 -0.27380
1.57157 -0.29432
1.57658 -0.31471
1.58158 -0.33494
1.58659 -0.35501
1.59159 -0.37488
1.59660 -0.39453
1.60160 -0.41393
1.60661 -0.43307
1.61161 -0.45192
1.61662 -0.47046
1.62162 -0.48867
1.62663 -0.50651
1.63163 -0.52398
1.63664 -0.54105
1.64164 -0.55769
1.64665 -0.57389
1.65165 -0.58963
1.65666 -0.60488
1.66166 -0.61962
1.66667 -0.63384
1.67167 -0.64751
1.67668 -0.66062
1.68168 -0.67315
1.68669 -0.68508
1.69169 -0.69638
1.69670 -0.70706
1.70170 -0.71708
1.70671 -0.72644
1.71171 -0.73512
1.71672 -0.74311
1.72172 -0.75038
1.72673 -0.75694
1.73173 -0.76276
1.73674 -0.76783
1.74174 -0.77216
1.74675 -0.77571
1.75175 -0.77850
1.75676 -0.78050
1.76176 -0.78171
1.76677 -0.78213
1.77177 -0.78174
1.77678 -0.78055
1.78178 -0.77855
1.78679 -0.77573
1.79179 -0.77210
1.79680 -0.76766
1.80180 -0.76239
1.80681 -0.75631
1.81181 -0.74942
1.81682 -0.74171
1.82182 -0.73320
1.82683 -0.72388
1.83183 -0.71376
1.83684 -0.70285
1.84184 -0.69115
1.84685 -0.67867
1.85185 -0.66542
1.85686 -0.65142
1.86186 -0.63666
1.86687 -0.62117
1.87187 -0.60495
1.87688 -0.58802
1.88188 -0.57040
1.88689 -0.55209
1.89189 -0.53311
1.89690 -0.51349
1.90190 -0.49323
1.90691 -0.47236
1.91191 -0.45090
1.91692 -0.42886
1.92192 -0.40626
1.92693 -0.38314
1.93193 -0.35950
1.93694 -0.33537
1.94194 -0.31078
1.94695 -0.28575
1.95195 -0.26031
1.95696 -0.23447
1.96196 -0.20826
1.96697 -0.18172
1.97197 -0.15487
1.97698 -0.12773
1.98198 -0.10033
1.98699 -0.07270
1.99199 -0.04487
1.99700 -0.01687
2.00200 0.01127
2.00701 0.03953
2.01201 0.06787
2.01702 0.09627
2.02202 0.12469
2.02703 0.15311
2.03203 0.18149
2.03704 0.20980
2.04204 0.23802
2.04705 0.26611
2.05205 0.29404
2.05706 0.32178
2.06206 0.34931
2.06707 0.37659
2.07207 0.40359
2.07708 0.43028
2.08208 0.45664
2.08709 0.48263
2.09209 0.50822
2.09710 0.53339
2.10210 0.55811
2.10711 0.58235
2.11211 0.60608
2.11712 0.62928
2.12212 0.65191
2.12713 0.67396
2.13213 0.69540
2.13714 0.71620
2.14214 0.73634
2.14715 0.75580
2.15215 0.77455
2.15716 0.79257
2.16216 0.80985
2.16717 0.82635
2.17217 0.84206
2.17718 0.85696
2.18218 0.87104
2.18719 0.88427
2.19219 0.89664
2.19720 0.90813
2.20220 0.91874
2.20721 0.92844
2.21221 0.93722
2.21722 0.94508
2.22222 0.95200
2.22723 0.95797
2.23223 0.96298
2.23724 0.96703
2.24224 0.97010
2.24725 0.97220
2.25225 0.97332
2.25726 0.97346
2.26226 0.97261
2.26727 0.97077
2.27227 0.96795
2.27728 0.96414
2.28228 0.95934
2.28729 0.95357
2.29229 0.94681
2.29730 0.93909
2.30230 0.93040
2.30731 0.92076
2.31231 0.91016
2.31732 0.89863
2.32232 0.88617
2.32733 0.87279
2.33233 0.85851
2.33734 0.84334
2.34234 0.82729
2.34735 0.81038
2.35235 0.79263
2.35736 0.77406
2.36236 0.75468
2.36737 0.73451
2.37237 0.71357
2.37738 0.69189
2.38238 0.66949
2.38739 0.64638
2.39239 0.62260
2.39740 0.59817
2.40240 0.57311
2.40741 0.54745
2.41241 0.52121
2.41742 0.49443
2.42242 0.46713
2.42743 0.43933
2.43243 0.41108
2.43744 0.38239
2.44244 0.35330
2.44745 0.32384
2.45245 0.29403
2.45746 0.26392
2.46246 0.23353
2.46747 0.20289
2.47247 0.17204
2.47748 0.14101
2.48248 0.10983
2.48749 0.07853
2.49249 0.04715
2.49750 0.01572
2.50250 -0.01572
2.50751 -0.04715
2.51251 -0.07853
2.51752 -0.10983
2.52252 -0.14101
2.52753 -0.17204
2.53253 -0.20289
2.53754 -0.23353
2.54254 -0.26392
2.54755 -0.29403
2.55255 -0.32384
2.55756 -0.35330
2.56256 -0.38239
2.56757 -0.41108
2.57257 -0.43933
2.57758 -0.46713
2.58258 -0.49443
2.58759 -0.52121
2.59259 -0.54745
2.59760 -0.57311
2.60260 -0.59817
2.60761 -0.62260
2.61261 -0.64638
2.61762 -0.66949
2.62262 -0.69189
2.62763 -0.71357
2.63263 -0.73451
2.63764 -0.75468
2.64264 -0.77406
2.64765 -0.79263
2.65265 -0.81038
2.65766 -0.82729
2.66266 -0.84334
2.66767 -0.85851
2.67267 -0.87279
2.67768 -0.88617
2.68268 -0.89863
2.68769 -0.91016
2.69269 -0.92076
2.69770 -0.93040
2.70270 -0.93909
2.70771 -0.94681
2.71271 -0.95357
2.71772 -0.95934
2.72272 -0.96414
2.72773 -0.96795
2.73273 -0.97077
2.73774 -0.97261
2.74274 -0.97346
2.74775 -0.97332
2.75275 -0.97220
2.75776 -0.97010
2.76276 -0.96703
2.76777 -0.96298
2.77277 -0.95797
2.77778 -0.95200
2.78278 -0.94508
2.78779 -0.93722
2.79279 -0.92844
2.79780 -0.91874
2.80280 -0.90813
2.80781 -0.89664
2.81281 -0.88427
2.81782 -0.87104
2.82282 -0.85696
2.82783 -0.84206
2.83283 -0.82635
2.83784 -0.80985
2.84284 -0.79257
2.84785 -0.77455
2.85285 -0.75580
2.85786 -0.73634
2.86286 -0.71620
2.86787 -0.69540
2.87287 -0.67396
2.87788 -0.65191
2.88288 -0.62928
2.88789 -0.60608
2.89289 -0.58235
2.89790 -0.55811
2.90290 -0.53339
2.90791 -0.50822
2.91291 -0.48263
2.91792 -0.45664
2.92292 -0.43028
2.92793 -0.40359
2.93293 -0.37659
2.93794 -0.34931
2.94294 -0.32178
2.94795 -0.29404
2.95295 -0.26611
2.95796 -0.23802
2.96296 -0.20980
2.96797 -0.18149
2.97297 -0.15311
2.97798 -0.12469
2.98298 -0.09627
2.98799 -0.06787
2.99299 -0.03953
2.99800 -0.01127
3.00300 0.01687
3.00801 0.04487
3.01301 0.07270
3.01802 0.10033
3.02302 0.12773
3.02803 0.15487
3.03303 0.18172
3.03804 0.20826
3.04304 0.23447
3.04805 0.26031
3.05305 0.28575
3.05806 0.31078
3.06306 0.33537
3.06807 0.35950
3.07307 0.38314
3.07808 0.40626
3.08308 0.42886
3.08809 0.45090
3.09309 0.47236
3.09810 0.49323
3.10310 0.51349
3.10811 0.53311
3.11311 0.55209
3.11812 0.57040
3.12312 0.58802
3.12813 0.60495
3.13313 0.62117
3.13814 0.63666
3.14314 0.65142
3.14815 0.66542
3.15315 0.67867
3.15816 0.69115
3.16316 0.70285
3.16817 0.71376
3.17317 0.72388
3.17818 0.73320
3.18318 0.74171
3.18819 0.74942
3.19319 0.75631
3.19820 0.76239
3.20320 0.76766
3.20821 0.77210
3.21321 0.77573
3.21822 0.77855
3.22322 0.78055
3.22823 0.78174
3.23323 0.78213
3.23824 0.78171
3.24324 0.78050
3.24825 0.77850
3.25325 0.77571
3.25826 0.77216
3.26326 0.76783
3.26827 0.76276
3.27327 0.75694
3.27828 0.75038
3.28328 0.74311
3.28829 0.73512
3.29329 0.72644
3.29830 0.71708
3.30330 0.70706
3.30831 0.69638
3.31331 0.68508
3.31832 0.67315
3.32332 0.66062
3.32833 0.64751
3.33333 0.63384
3.33834 0.61962
3.34334 0.60488
3.34835 0.58963
3.35335 0.57389
3.35836 0.55769
3.36336 0.54105
3.36837 0.52398
3.37337 0.50651
3.37838 0.48867
3.38338 0.47046
3.38839 0.45192
3.39339 0.43307
3.39840 0.41393
3.40340 0.39453
3.40841 0.37488
3.41341 0.35501
3.41842 0.33494
3.42342 0.31471
3.42843 0.29432
3.43343 0.27380
3.43844 0.25319
3.44344 0.23249
3.44845 0.21173
3.45345 0.19094
3.45846 0.17014
3.46346 0.14935
3.46847 0.12860
3.47347 0.10790
3.47848 0.08728
3.48348 0.06675
3.48849 0.04635
3.49349 0.02609
3.49850 0.00599
3.50350 -0.01392
3.50851 -0.03363
3.51351 -0.05312
3.51852 -0.07237
3.52352 -0.09135
3.52853 -0.11006
3.53353 -0.12847
3.53854 -0.14657
3.54354 -0.16434
3.54855 -0.18176
3.55355 -0.19882
3.55856 -0.21550
3.56356 -0.23179
3.56857 -0.24767
3.57357 -0.26314
3.57858 -0.27817
3.58358 -0.29276
3.58859 -0.30689
3.59359 -0.32056
3.59860 -0.33375
3.60360 -0.34645
3.60861 -0.35866
3.61361 -0.37036
3.61862 -0.38156
3.62362 -0.39223
3.62863 -0.40238
3.63363 -0.41200
3.63864 -0.42109
3.64364 -0.42963
3.64865 -0.43764
3.65365 -0.44509
3.65866 -0.45200
3.66366 -0.45836
3.66867 -0.46416
3.67367 -0.46942
3.67868 -0.47412
3.68368 -0.47828
3.68869 -0.48188
3.69369 -0.48494
3.69870 -0.48745
3.70370 -0.48943
3.70871 -0.49086
3.71371 -0.49177
3.71872 -0.49214
3.72372 -0.49200
3.72873 -0.49134
3.73373 -0.49017
3.73874 -0.48850
3.74374 -0.48634
3.74875 -0.48369
3.75375 -0.48057
3.75876 -0.47698
3.76376 -0.47293
3.76877 -0.46843
3.77377 -0.46349
3.77878 -0.45813
3.78378 -0.45235
3.78879 -0.44617
3.79379 -0.43960
3.79880 -0.43264
3.80380 -0.42532
3.80881 -0.41765
3.81381 -0.40963
3.81882 -0.40128
3.82382 -0.39262
3.82883 -0.38366
3.83383 -0.37441
3.83884 -0.36489
3.84384 -0.35511
3.84885 -0.34509
3.85385 -0.33484
3.85886 -0.32437
3.86386 -0.31370
3.86887 -0.30284
3.87387 -0.29181
3.87888 -0.28063
3.88388 -0.26930
3.88889 -0.25785
3.89389 -0.24628
3.89890 -0.23462
3.90390 -0.22287
3.90891 -0.21106
3.91391 -0.19919
3.91892 -0.18728
3.92392 -0.17534
3.92893 -0.16339
3.93393 -0.15145
3.93894 -0.13951
3.94394 -0.12761
3.94895 -0.11575
3.95395 -0.10394
3.95896 -0.09220
3.96396 -0.08054
3.96897 -0.06897
3.97397 -0.05751
3.97898 -0.04616
3.98398 -0.03494
3.98899 -0.02385
3.99399 -0.01291
3.99900 -0.00214
4.00400 0.00847
4.00901 0.01890
4.01401 0.02915
4.01902 0.03919
4.02402 0.04904
4.02903 0.05866
4.03403 0.06807
4.03904 0.07725
4.04404 0.08619
4.04905 0.09489
4.05405 0.10334
4.05906 0.11154
4.06406 0.11948
4.06907 0.12715
4.07407 0.13455
4.07908 0.14168
4.08408 0.14853
4.08909 0.15510
4.09409 0.16139
4.09910 0.16738
4.10410 0.17309
4.10911 0.17851
4.11411 0.18363
4.11912 0.18846
4.12412 0.19300
4.12913 0.19724
4.13413 0.20119
4.13914 0.20484
4.14414 0.20820
4.14915 0.21127
4.15415 0.21404
4.15916 0.21653
4.16416 0.21872
4.16917 0.22064
4.17417 0.22227
4.17918 0.22362
4.18418 0.22470
4.18919 0.22550
4.19419 0.22604
4.19920 0.22631
4.20420 0.22632
4.20921 0.22608
4.21421 0.22559
4.21922 0.22485
4.22422 0.22388
4.22923 0.22267
4.23423 0.22124
4.23924 0.21958
4.24424 0.21771
4.24925 0.21562
4.25425 0.21334
4.25926 0.21086
4.26426 0.20819
4.26927 0.20534
4.27427 0.20231
4.27928 0.19912
4.28428 0.19576
4.28929 0.19225
4.29429 0.18860
4.29930 0.18480
4.30430 0.18088
4.30931 0.17683
4.31431 0.17266
4.31932 0.16839
4.32432 0.16401
4.32933 0.15954
4.33433 0.15498
4.33934 0.15035
4.34434 0.14564
4.34935 0.14087
4.35435 0.13604
4.35936 0.13117
4.36436 0.12625
4.36937 0.12129
4.37437 0.11631
4.37938 0.11131
4.38438 0.10629
4.38939 0.10126
4.39439 0.09624
4.39940 0.09121
4.40440 0.08620
4.40941 0.08121
4.41441 0.07624
4.41942 0.07130
4.42442 0.06640
4.42943 0.06153
4.43443 0.05671
4.43944 0.05195
4.44444 0.04724
4.44945 0.04259
4.45445 0.03800
4.45946 0.03349
4.46446 0.02905
4.46947 0.02469
4.47447 0.02041
4.47948 0.01622
4.48448 0.01212
4.48949 0.00811
4.49449 0.00419
4.49950 0.00038
4.50450 -0.00334
4.50951 -0.00695
4.51451 -0.01045
4.51952 -0.01385
4.52452 -0.01713
4.52953 -0.02030
4.53453 -0.02336
4.53954 -0.02631
4.54454 -0.02914
4.54955 -0.03185
4.55455 -0.03444
4.55956 -0.03692
4.56456 -0.03928
4.56957 -0.04152
4.57457 -0.04364
4.57958 -0.04564
4.58458 -0.04753
4.58959 -0.04930
4.59459 -0.05095
4.59960 -0.05248
4.60460 -0.05390
4.60961 -0.05521
4.61461 -0.05640
4.61962 -0.05748
4.62462 -0.05845
4.62963 -0.05932
4.63463 -0.06007
4.63964 -0.06072
4.64464 -0.06127
4.64965 -0.06172
4.65465 -0.06207
4.65966 -0.06233
4.66466 -0.06249
4.66967 -0.06256
4.67467 -0.06254
4.67968 -0.06244
4.68468 -0.06225
4.68969 -0.06198
4.69469 -0.06164
4.69970 -0.06121
4.70470 -0.06072
4.70971 -0.06016
4.71471 -0.05953
4.71972 -0.05884
4.72472 -0.05809
4.72973 -0.05728
4.73473 -0.05642
4.73974 -0.05550
4.74474 -0.05454
4.74975 -0.05353
4.75475 -0.05248
4.75976 -0.05140
4.76476 -0.05027
4.76977 -0.04912
4.77477 -0.04793
4.77978 -0.04671
4.78478 -0.04548
4.78979 -0.04422
4.79479 -0.04294
4.79980 -0.04164
4.80480 -0.04034
4.80981 -0.03902
4.81481 -0.03769
4.81982 -0.03636
4.82482 -0.03502
4.82983 -0.03369
4.83483 -0.03236
4.83984 -0.03103
4.84484 -0.02970
4.84985 -0.02839
4.85485 -0.02709
4.85986 -0.02579
4.86486 -0.02452
4.86987 -0.02325
4.87487 -0.02201
4.87988 -0.02079
4.88488 -0.01958
4.88989 -0.01840
4.89489 -0.01724
4.89990 -0.01611
4.90490 -0.01500
4.90991 -0.01393
4.91491 -0.01288
4.91992 -0.01186
4.92492 -0.01087
4.92993 -0.00991
4.93493 -0.00898
4.93994 -0.00808
4.94494 -0.00722
4.94995 -0.00639
4.95495 -0.00560
4.95996 -0.00484
4.96496 -0.00411
4.96997 -0.00342
4.97497 -0.00277
4.97998 -0.00214
4.98498 -0.00156
4.98999 -0.00100
4.99499 -0.00048
5.00000 -0.00000