0
0
0
0
2
-2
-2
5
-1
-7
0
-89
-4
-8
0
8
-4
-3
9
-25
-1
0
-178
-11
-9
-5
13
-13
-9
-19
-2
-9
-1
-260
-7
-5
9
11
-30
-3
28
-9
-18
-3
-356
-2
0
-30
25
-5
0
38
14
-42
16
-430
-9
-5
-38
41
-30
-28
26
-13
-21
6
-520
-15
-15
-1
123
-14
-14
11
-15
31
3
-625
-7
-12
-25
21
-8
-4
41
-12
-18
-4
-713
4
-64
-51
31
-30
-36
56
-17
-52
9
-758
7
1
6
101
-43
-40
25
-36
28
20
-861
-22
-28
-1
41
-5
-39
79
-22
-22
23
-944
21
-25
-53
99
-12
84
72
-25
-20
-1
-1040
32
-41
12
68
-44
-111
38
61
2
-47
-1110
-15
-53
-45
100
-27
-19
151
-25
27
38
-1250
-37
-28
-84
171
-110
-88
17
-9
-3
18
-1360
32
26
0
85
-6
-83
85
-60
-50
-44
-1426
32
13
-40
53
-26
-136
95
-59
-22
54
-1463
-41
-49
44
139
-79
-42
90
-46
-108
66
-1516
12
-98
54
68
21
-94
-42
-16
-14
19
-1796
7
-124
-38
123
-42
-86
152
181
-68
-63
-1722
-4
74
-268
162
-55
-82
73
31
-82
-12
-1778
-90
-77
36
85
127
-23
138
-78
-6
66
-1888
120
-97
-88
90
-72
-83
145
-1
-136
-46
-2038
51
-19
-54
152
-294
-64
169
-53
-59
-102
-2081
-55
-71
-34
189
-119
-45
313
-161
-20
182
-2364
-50
-60
-153
151
-30
-12
170
-69
-163
-55
-2221
-235
-239
42
122
-94
-150
243
-79
-96
5
-2471
25
-229
-54
119
-72
-170
164
8
-79
-70
-2500
6
-139
-15
311
-31
-60
130
-17
-99
-165
-2817
-11
-70
-152
100
-83
-75
298
-246
-115
-9
-2720
5
-69
-171
112
-62
-54
307
-134
-260
35
-2970
-135
-104
-232
169
-101
-211
300
-172
-310
-10
-2853
-178
-136
87
175
-167
-109
242
-186
-160
144
-2816
-101
-196
31
132
-132
-114
277
-55
-73
-134
-2926
15
-256
-190
302
-84
-126
437
-130
74
-150
-3129
-116
-150
-123
218
-250
-143
169
-260
-2
225
-3032
55
-189
-149
187
-107
-93
331
-8
-138
49
-3068
-90
-183
-360
66
19
-179
177
-38
-259
46
-3592
-203
-58
-70
323
-46
113
248
-24
-149
128
-3548
-8
-210
-132
597
-19
-175
221
-195
-19
34
-3444
-261
-484
-219
376
-156
-300
44
-22
-280
189
-3328
-92
-407
92
505
-148
-168
174
-20
-394
211
-3557
149
-213
-314
171
-121
-136
234
-35
-144
-98
-3814
99
-193
-79
511
-187
-27
261
-169
-164
-49
-3777
110
239
48
41
-59
333
491
-364
-43
-105
-3873
-86
-155
-159
343
-92
-195
140
-102
-259
0
-4077
-76
-13
-230
274
-228
-136
229
-21
-189
-179
-4346
9
-267
-110
400
-237
-35
155
-72
-90
-116
-4163
-68
-149
-125
382
-105
-684
348
59
-90
-213
-5019
141
-261
-154
383
-121
-228
124
168
-130
-44
-4729
-18
-234
-27
587
-52
-128
330
-149
-209
59
-4492
-79
-269
-153
431
-194
-216
288
29
-210
-135
-4442
-19
-379
-33
318
-170
99
295
-237
-43
-237
-4618
-303
20
-315
200
-222
-211
-9
-129
-422
-181
-4942
102
-245
-168
82
-40
-193
417
-100
-399
73
-4838
-103
-218
-817
192
-85
-121
407
-246
-214
115
-5001
15
-34
-245
313
-222
-4
306
62
-206
-156
-4991
-125
-121
-155
401
-105
-268
828
409
-238
-98
-5634
230
-42
-239
284
-409
-172
428
-159
-251
148
-5397
72
-148
39
507
-387
-221
369
-199
123
-123
-5440
68
-99
-78
416
-119
-186
266
-202
-93
235
-5443
-4
-229
-294
156
-411
-164
354
-69
-251
197
-5940
-689
-244
-112
508
104
-249
457
-74
-250
459
-5850
-56
-87
-9
542
-146
-433
509
-340
-213
-63
-5706
-328
59
54
315
-267
101
384
-114
-101
129
-5523
54
-213
-111
158
-280
-201
319
-113
-214
-89
-5632
68
-708
-161
69
-125
-59
723
113
-876
-352
-6342
350
174
-583
682
-101
-422
461
-326
-181
-335
-5852
64
-105
-347
52
-160
-277
254
-243
-805
-245
-5442
107
224
-362
429
-317
-109
979
196
-316
125
-6258
56
-288
-141
-76
-296
-86
471
-577
-398
-374
-6461
-323
-384
-348
500
-303
-316
901
-169
-411
215
-6064
220
93
241
484
-128
-107
602
-171
-94
-59
-6641
79
8
185
150
-168
-384
405
-251
-628
66
-6137
176
-165
-337
631
-85
-246
282
6
-217
-40
-6234
320
-386
-306
944
-51
680
443
-647
-481
-405
-7184
75
-191
88
473
-308
-206
218
-155
-150
-3
-6880
269
-221
-1001
664
-153
-277
289
-184
-27
420
-7097
-295
-119
-296
228
-149
-425
1051
66
-65
128
-6953
-318
-351
-228
662
-525
-284
640
-132
-211
92
-6889
-200
-762
155
272
-96
-290
601
0
-125
159
-7066
-473
-530
-166
14
-294
-444
610
167
46
-27
-6656
205
-313
-215
262
-353
69
346
-36
185
168
-7579
199
-75
-246
576
-240
-55
649
-334
-329
204
-7115
264
-242
-490
-630
-262
-186
495
-388
-418
160
-7505
693
-359
-186
642
-377
-643
306
-248
-593
742
-7628
74
-383
-500
372
-350
-260
690
-728
-451
-163
-8045
7
-323
-82
366
-974
-321
-64
-125
-410
152
-7554
-173
-459
-237
936
-215
-475
596
-631
-462
57
-6531
99
-376
-346
879
-1156
-62
898
-593
-384
-178
-7747
71
-302
-154
1540
-284
-781
537
-405
-305
11
-8191
-421
-294
-42
470
-255
-437
482
-473
-147
31
-8154
-74
-279
-185
662
-162
-389
441
-393
-411
-471
-7850
